0.000000000000000000e+00   2.063696168732145342e+00   5.000000000000000278e-02
2.999999999999999889e-01   1.940909856647615284e+00   6.500000000000000222e-02
5.999999999999999778e-01   1.701773678464650441e+00   8.000000000000000167e-02
8.999999999999999112e-01   1.446510829775794260e+00   9.500000000000000111e-02
1.199999999999999956e+00   1.318254782602148900e+00   1.100000000000000006e-01
1.500000000000000000e+00   1.196674782289636418e+00   1.250000000000000000e-01
1.799999999999999822e+00   1.099827472675705131e+00   1.400000000000000133e-01
2.100000000000000089e+00   1.085104834428314735e+00   1.550000000000000266e-01
2.399999999999999911e+00   1.057513610744986732e+00   1.699999999999999845e-01
2.699999999999999734e+00   1.094189570431533198e+00   1.849999999999999978e-01
3.000000000000000000e+00   1.081708765216240042e+00   2.000000000000000111e-01
